2.146309
2.149483
2.151070
2.151864
2.153450
2.150277
2.151864
2.151070
2.151864
2.151864
2.151070
2.151864
2.152657
2.149483
2.153450
2.152657
2.151864
0.752184
2.109810
2.155037
2.152657
2.154244
2.153450
2.152657
2.154244
2.155037
2.154244
2.155037
2.154244
2.155037
2.155037
2.154244
2.155037
2.155037
2.153450
2.153450
2.153450
2.150277
2.151864
2.153450
2.154244
2.150277
2.149483
2.146309
2.151864
2.151864
2.150277
2.151070
2.153450
2.148690
2.152657
2.153450
2.151864
2.153450
2.151070
2.151864
2.150277
2.149483
2.151070
1.052115
0.738695
0.736315
0.748217
0.708543
2.153450
2.151070
2.153450
2.151070
2.212167
2.216135
2.216928
2.216135
2.217721
2.214548
2.215341
2.217721
2.215341
2.216135
2.215341
2.216135
2.218515
2.217721
1.595642
0.740282
2.149483
2.151864
2.153450
2.150277
2.152657
2.151864
2.153450
2.151864
2.154244
2.152657
2.152657
2.152657
2.151070
2.149483
2.151070
2.151070
2.151864
2.150277
2.149483
2.149483
2.150277
2.150277
2.149483
2.148690
2.148690
2.149483
2.147896
2.150277
2.149483
2.148690
2.148690
2.149483
2.149483
2.151070
2.148690
2.147896
2.149483
2.147896
2.149483
2.148690
2.147896
2.149483
2.149483
2.148690
2.148690
2.147896
2.149483
2.150277
2.148690
2.149483
2.147896
2.149483
2.150277
2.148690
2.147103
2.148690
2.148690
2.147103
2.147896
2.147103
2.148690
2.147103
2.149483
2.150277
2.148690
2.151070
2.150277
2.149483
2.149483
2.149483
2.148690
2.150277
2.150277
2.148690
2.150277
2.147896
2.150277
2.150277
2.147896
2.148690
2.147103
2.148690
2.147103
2.147896
2.147896
2.147896
2.149483
2.146309
2.147896
2.148690
2.148690
2.149483
2.147896
2.144722
2.147896
2.149483
2.146309
2.147896
2.148690
2.147896
2.148690
2.148690
2.147896
2.148690
2.148690
2.148690
2.150277
2.150277
2.148690
2.149483
2.147896
2.148690
2.150277
2.149483
2.147103
2.147896
2.147896
2.148690
2.150277
2.149483
2.148690
2.147103
2.149483
2.148690
2.147896
2.148690
2.147896
2.147896
2.147896
2.148690
2.147896
2.147896
2.147896
2.144722
2.146309
2.145516
2.146309
2.144722
2.148690
2.148690
2.146309
2.147103
2.149483
2.149483
2.149483
2.148690
2.147896
2.089973
2.089973
2.090766
2.089179
2.089973
2.089179
2.089179
2.090766
2.090766
2.086799
2.147896
2.148690
2.148690
2.148690
2.147896
2.147896
2.147103
2.147896
2.146309
2.147103
2.146309
2.147896
2.147896
2.148690
2.149483
2.148690
2.147103
2.150277
2.150277
2.148690
2.145516
2.149483
2.149483
2.148690
2.147896
2.144722
2.150277
2.149483
2.149483
2.147896
2.150277
2.149483
2.149483
2.150277
2.148690
2.148690
2.149483
2.151070
2.150277
2.149483
2.149483
2.151070
2.149483
2.149483
2.148690
2.146309
2.147896
2.148690
2.149483
2.147896
2.146309
2.149483
2.147896
2.148690
2.146309
2.147896
2.150277
2.148690
2.151070
2.147103
2.146309
2.147896
2.148690
2.148690
2.148690
2.147103
2.146309
2.147896
2.150277
2.147896
2.148690
2.150277
2.149483
2.149483
2.149483
2.148690
2.149483
2.151070
2.149483
2.149483
2.147896
2.147896
2.149483
2.148690
2.151070
2.149483
2.150277
2.148690
2.149483
2.149483
2.146309
2.148690
2.148690
2.151070
2.147103
2.146309
2.147896
2.147896
2.147896
2.149483
2.149483
2.159005
2.154244
2.149483
2.148690
2.147103
2.147896
2.148690
2.147896
2.151070
2.147896
2.149483
2.151070
2.150277
2.150277
2.149483
2.149483
2.151070
2.151070
2.151070
2.149483
2.147896
2.147896
2.148690
2.148690
2.147896
2.147896
2.150277
2.149483
2.147103
2.148690
2.147896
2.147896
2.147896
2.150277
2.147896
2.149483
2.149483
2.149483
2.148690
2.148690
2.147896
2.149483
2.148690
2.147896
2.147103
2.151070
2.148690
2.149483
2.150277
2.148690
2.150277
2.148690
2.149483
2.149483
2.147896
2.147103
2.148690
2.149483
2.147896
2.147896
2.147896
2.150277
2.148690
2.150277
2.149483
2.147896
2.147103
2.150277
2.148690
2.147896
2.147103
2.146309
2.147103
2.147896
2.148690
2.149483
2.148690
2.149483
2.148690
2.147896
2.147896
2.147896
2.149483
2.147103
2.147103
2.147896
2.147103
2.149483
2.147103
2.146309
2.145516
2.147896
2.148690
2.149483
2.149483
2.148690
2.148690
2.148690
2.147896
2.148690
2.147896
2.148690
2.150277
2.150277
2.149483
2.149483
2.150277
2.151070
2.152657
2.151070
2.149483
2.148690
2.147896
2.156624
2.097908
2.095527
2.093940
2.093147
2.093147
2.097908
2.096321
2.146309
2.149483
2.150277
2.147103
2.147896
2.146309
2.147896
2.147896
2.147896
2.147896
2.147896
2.147896
2.150277
2.150277
2.148690
2.149483
2.150277
2.151070
2.151070
2.149483
2.148690
2.149483
2.149483
2.148690
2.147896
2.148690
2.150277
2.149483
2.150277
2.148690
2.147896
2.148690
2.148690
2.146309
2.147103
2.147103
2.147103
2.147103
2.147103
2.147103
2.147103
2.147896
2.148690
2.147896
2.147896
2.147896
2.147896
2.145516
2.148690
