1.625000
1.625000
1.625000
1.625000
1.625000
1.625000
1.625000
1.625000
1.625000
1.625000
1.625000
1.625000
1.625000
1.625000
1.625000
1.625000
1.625000
1.625000
1.625000
1.625000
1.625000
1.625000
1.625000
1.625000
1.625000
1.625000
1.625000
1.625000
1.625000
1.625000
1.625000
1.625000
1.625000
1.625000
1.625000
1.625000
1.625000
1.625000
1.625000
1.625000
1.625000
1.625000
1.625000
1.625000
1.625000
1.625000
1.625000
1.625000
1.625000
1.625000
1.625000
1.625000
1.625000
1.625000
1.625000
1.625000
1.625000
1.625000
1.625000
1.625000
1.625000
1.625000
1.625000
1.625000
1.625000
1.625000
1.625000
1.625000
1.625000
1.625000
1.625000
1.625000
1.625000
1.625000
1.625000
1.625000
1.625000
1.625000
1.625000
1.625000
1.625000
1.625000
1.625000
1.625000
1.625000
1.625000
1.625000
1.625000
1.625000
1.625000
1.625000
1.625000
1.625000
1.625000
1.625000
1.625000
1.625000
1.625000
1.625000
1.625000
1.625000
1.625000
1.625000
1.625000
1.625000
1.625000
1.625000
1.625000
1.625000
1.625000
1.625000
1.625000
1.625000
1.625000
1.625000
1.625000
1.625000
1.625000
1.625000
1.625000
1.625000
1.625000
1.625000
1.625000
1.625000
1.625000
1.625000
1.625000
1.625000
1.625000
1.625000
1.625000
1.625000
1.625000
1.625000
1.625000
1.625000
1.625000
1.625000
1.625099
1.625099
1.625099
1.625099
1.625099
1.625198
1.625198
1.625298
1.625397
1.625496
1.625694
1.625893
1.626190
1.626686
1.627281
1.628174
1.629364
1.631050
1.633331
1.636505
1.640770
1.646523
1.653862
1.663087
1.674691
1.688676
1.705240
1.724382
1.745706
1.768618
1.792323
1.815631
1.837352
1.855999
1.870083
1.878216
1.879406
1.873058
1.858875
1.837253
1.809482
1.776850
1.741938
1.707124
1.675286
1.649201
1.631645
1.625000
1.631149
1.651184
1.685601
1.734300
1.796092
1.869388
1.951909
2.040579
2.132324
2.223177
2.310061
2.388912
2.456456
2.509916
2.546515
2.564765
2.563277
2.542449
2.502676
2.446042
2.374928
2.292308
2.202249
2.108421
2.015089
1.925824
1.844394
1.773577
1.715455
1.671616
1.642357
1.627480
1.625793
1.635513
1.654458
1.679948
1.709504
1.740351
1.769907
1.796489
1.818111
1.833881
1.843303
1.846180
1.843006
1.834277
1.821384
1.804919
1.786471
1.766833
1.747293
1.728349
1.710893
1.695222
1.681535
1.669930
1.660210
1.652375
1.646027
1.641167
1.637299
1.634323
1.632042
1.630455
1.629166
1.628174
1.627480
1.626984
1.626587
