2.177255
2.174874
2.174874
2.175668
2.174874
2.174874
2.174874
2.175668
2.174081
2.178048
2.175668
2.178841
2.176461
2.175668
2.174874
2.174874
2.174874
2.175668
2.174874
2.174874
2.176461
2.178048
2.180428
2.178048
2.178841
2.174874
2.174874
2.176461
2.174874
2.175668
2.174081
2.175668
2.175668
2.175668
2.174874
2.175668
2.176461
2.175668
2.174874
2.174874
2.174081
2.174081
2.174081
2.175668
2.173287
2.174874
2.175668
2.174874
2.178048
2.174874
2.174081
2.174081
2.174081
2.174081
2.173287
2.174081
2.174081
2.171700
2.177255
2.175668
2.173287
2.174081
2.172494
2.173287
2.171700
2.173287
2.171700
2.170907
2.171700
2.174874
2.171700
2.171700
2.168526
2.168526
2.167733
2.166939
2.164559
2.165352
2.163766
2.161385
2.161385
2.161385
2.159005
2.156624
2.151070
2.147896
2.143135
2.140755
2.135201
2.129646
2.123299
2.115364
2.108223
2.102668
2.094734
2.090766
2.081245
2.075690
2.073310
2.073310
2.073310
2.073310
2.075690
2.075690
2.077277
2.086006
2.086799
2.089179
2.091560
2.095527
2.100288
2.101875
2.105842
2.111397
2.114570
2.120125
2.125679
2.131233
2.135994
2.142342
2.149483
2.159005
2.166146
2.175668
2.185983
2.198678
2.210580
2.224069
2.237558
2.249460
2.258982
2.269297
2.279612
2.284373
2.291514
2.293894
2.297068
2.298655
2.297862
2.296275
2.293101
2.287547
2.281992
2.273264
2.267710
2.261362
2.253428
2.244699
2.239939
2.232797
2.228037
2.223276
2.219308
2.214548
2.208993
2.206613
2.203439
2.199472
2.197885
2.195504
2.193917
2.191537
2.189950
2.190743
2.190743
2.187570
2.184396
2.185189
2.184396
2.182015
2.181222
2.181222
2.180428
2.181222
2.185189
2.181222
2.181222
2.178841
2.178048
2.178841
2.180428
2.178048
2.177255
2.177255
2.177255
2.176461
2.178841
2.179635
2.181222
2.177255
2.176461
2.176461
2.176461
2.176461
2.174874
2.176461
2.176461
2.177255
2.179635
2.178841
2.176461
2.177255
2.177255
2.175668
2.175668
2.174081
2.177255
2.174874
2.176461
2.176461
2.179635
2.178841
2.176461
2.175668
2.175668
2.176461
2.174874
2.174874
2.174874
2.174874
2.175668
2.178048
2.178841
2.178048
2.175668
2.174874
2.176461
2.174874
2.174874
2.175668
2.174874
2.176461
2.177255
2.178841
2.176461
2.176461
2.175668
2.174081
2.175668
2.176461
2.174081
2.176461
2.175668
2.175668
2.175668
2.176461
2.177255
2.175668
2.175668
2.174081
2.175668
2.176461
2.175668
2.174874
2.174874
2.173287
2.179635
2.178841
2.178841
2.174874
2.175668
2.175668
2.175668
2.174874
2.174874
2.174874
2.175668
2.174874
2.178048
2.178048
2.178048
2.175668
2.175668
2.175668
2.175668
2.174081
2.174081
2.174874
2.175668
2.174874
2.175668
2.177255
2.178841
2.175668
2.174874
2.172494
2.176461
2.174081
2.175668
2.174874
2.174081
2.174081
2.175668
2.178048
2.178048
2.175668
2.174874
2.174874
2.175668
2.174874
2.175668
2.174874
2.176461
2.175668
2.176461
2.178048
2.178841
2.175668
2.173287
2.174874
2.176461
2.176461
2.174081
2.174081
2.175668
2.174874
2.172494
2.178841
2.176461
2.174874
2.174081
2.174874
2.175668
2.175668
2.174874
2.174874
2.174874
2.175668
2.178048
2.178048
2.174874
2.174081
2.175668
2.173287
2.176461
2.176461
2.173287
2.174081
2.175668
2.176461
2.177255
2.176461
2.175668
2.174874
2.174081
2.175668
2.174874
2.174081
2.174874
2.174874
2.174874
2.176461
2.178048
2.177255
2.174874
2.174081
2.176461
2.175668
2.174874
2.176461
2.175668
2.175668
2.174874
2.174874
2.174874
2.180428
2.177255
2.174874
2.176461
2.174874
2.173287
2.174874
2.175668
2.174081
2.175668
2.174081
2.176461
2.178841
2.174081
2.175668
2.175668
2.175668
2.174874
2.174874
2.174874
2.174081
2.175668
2.177255
2.179635
2.178048
2.174081
2.175668
2.174874
2.175668
2.174874
2.174874
2.174874
2.175668
2.174081
2.178048
2.178841
2.177255
2.173287
2.174081
2.174874
2.176461
2.175668
2.174081
2.174874
2.175668
2.175668
2.176461
2.172494
2.178841
2.175668
2.173287
2.174874
2.174874
2.175668
2.175668
2.175668
2.174081
2.174874
2.177255
2.176461
2.177255
2.176461
2.175668
2.175668
2.176461
2.175668
2.175668
2.175668
2.174081
2.174081
2.177255
2.179635
2.180428
2.176461
2.176461
2.174874
2.177255
2.175668
2.175668
2.176461
2.176461
2.178048
2.176461
2.178048
2.176461
2.175668
2.175668
2.175668
2.175668
2.175668
2.176461
2.176461
2.175668
2.178048
2.178048
2.176461
2.176461
2.176461
2.176461
2.175668
2.176461
2.177255
2.175668
2.175668
2.177255
2.179635
2.178048
2.176461
2.177255
2.176461
2.174874
2.175668
2.175668
2.176461
2.176461
2.176461
2.178048
2.178048
2.178048
2.177255
2.176461
2.175668
2.175668
2.176461
2.175668
2.175668
2.175668
2.175668
2.178048
2.178048
2.178048
2.176461
2.175668
2.174081
2.175668
2.176461
2.175668
2.175668
2.176461
2.175668
2.178841
2.178841
2.174874
2.175668
2.177255
2.176461
2.176461
