2.188363
2.186776
2.188363
2.192330
2.187570
2.186776
2.184396
2.185983
2.187570
2.189157
2.187570
2.189157
2.188363
2.188363
2.187570
2.189950
2.188363
2.187570
2.186776
2.184396
2.187570
2.190743
2.188363
2.187570
2.192330
2.190743
2.188363
2.189157
2.190743
2.183602
2.186776
2.185189
2.188363
2.187570
2.188363
2.188363
2.188363
2.189950
2.188363
2.187570
2.189950
2.184396
2.188363
2.186776
2.187570
2.188363
2.189950
2.189157
2.185189
2.189950
2.189157
2.187570
2.181222
2.186776
2.183602
2.189950
2.190743
2.187570
2.190743
2.190743
2.188363
2.188363
2.189157
2.188363
2.185189
2.185983
2.182809
2.189157
2.188363
2.188363
2.185983
2.189950
2.189157
2.190743
2.189157
2.188363
2.185189
2.188363
2.185189
2.186776
2.189950
2.189157
2.188363
2.186776
2.190743
2.188363
2.192330
2.190743
2.186776
2.186776
2.181222
2.187570
2.190743
2.188363
2.188363
2.188363
2.188363
2.188363
2.191537
2.181222
2.183602
2.182809
2.189950
2.189950
2.189157
2.190743
2.189950
2.187570
2.189157
2.189157
2.189157
2.186776
2.182015
2.180428
2.188363
2.189950
2.190743
2.189157
2.189157
2.186776
2.185983
2.187570
2.186776
2.188363
2.185983
2.187570
2.187570
2.189950
2.187570
2.191537
2.189157
2.189157
2.186776
2.187570
2.188363
2.185189
2.187570
2.189950
2.187570
2.186776
2.191537
2.188363
2.189157
2.189157
2.187570
2.189950
2.183602
2.185189
2.186776
2.189157
2.189157
2.187570
2.188363
2.189950
2.189950
2.189950
2.190743
2.187570
2.189157
2.183602
2.183602
2.189950
2.190743
2.188363
2.188363
2.190743
2.188363
2.193124
2.190743
2.183602
2.183602
2.182809
2.188363
2.189157
2.190743
2.188363
2.187570
2.189950
2.187570
2.188363
2.188363
2.186776
2.185189
2.188363
2.188363
2.189950
2.189950
2.188363
2.186776
2.186776
2.189950
2.186776
2.190743
2.180428
2.184396
2.184396
2.191537
2.186776
2.188363
2.189950
2.187570
2.187570
2.189950
2.187570
2.189950
2.187570
2.184396
2.185189
2.189157
2.189950
2.189950
2.189157
2.189157
2.187570
2.185983
2.188363
2.187570
2.185983
2.187570
2.183602
2.187570
2.190743
2.190743
2.193124
2.192330
2.189157
2.187570
2.189157
2.187570
2.185983
2.184396
2.182809
2.187570
2.189950
2.188363
2.190743
2.188363
2.187570
2.187570
2.189950
2.190743
2.183602
2.188363
2.189950
2.186776
2.186776
2.189950
2.187570
2.191537
2.189950
2.187570
2.186776
2.185189
2.185189
2.185189
2.186776
2.188363
2.190743
2.187570
2.189157
2.188363
2.188363
2.189157
2.187570
2.186776
2.185983
2.188363
2.189950
2.187570
2.188363
2.191537
2.189950
2.188363
2.191537
2.190743
2.186776
2.184396
2.185189
2.181222
2.188363
2.189157
2.187570
2.185189
2.185983
2.187570
2.188363
2.186776
2.185983
2.184396
2.182015
2.182015
2.190743
2.189157
2.188363
2.185983
2.188363
2.186776
2.185189
2.189157
2.186776
2.178841
2.182015
2.186776
2.184396
2.187570
2.186776
2.182809
2.183602
2.185189
2.182015
2.182809
2.176461
2.173287
2.178841
2.179635
2.177255
2.176461
2.174874
2.173287
2.168526
2.170113
2.163766
2.162972
2.153450
2.145516
2.139961
2.130440
2.118538
2.101081
2.082038
2.055854
2.016180
1.974920
1.924931
1.868595
1.814639
1.763857
1.712282
1.671815
1.622620
1.581359
1.540892
1.506773
1.469480
1.446469
1.423459
1.420285
1.410763
1.438535
1.459165
1.521056
1.575805
1.676575
1.765444
1.886051
1.997137
2.123299
2.244699
2.360546
2.466077
2.572402
2.669999
2.748552
2.812030
2.868366
2.914387
2.948507
2.968343
2.983419
2.979452
2.963582
2.935811
2.899311
2.849323
2.790606
2.722368
2.656510
2.582717
2.519240
2.461316
2.412915
2.371654
2.338329
2.313731
2.296275
2.281199
2.266917
2.253428
2.243112
2.237558
2.228830
2.224069
2.218515
2.208993
2.209787
2.205026
2.205026
2.204232
2.203439
2.201059
2.199472
2.198678
2.198678
2.199472
2.195504
2.192330
2.192330
2.195504
2.193917
2.192330
2.193917
2.191537
2.191537
2.192330
2.192330
2.192330
2.194711
2.192330
2.184396
2.188363
2.189950
2.189950
2.191537
2.189950
2.189950
2.193124
2.190743
2.189950
2.189950
2.186776
2.185189
2.186776
2.192330
2.189950
2.189157
2.189950
2.189950
2.189157
2.189157
2.192330
2.182015
2.185983
2.186776
2.188363
2.188363
2.187570
2.187570
2.186776
2.187570
2.186776
2.187570
2.187570
2.185189
2.183602
2.187570
2.187570
2.187570
2.186776
2.189157
2.187570
2.187570
2.188363
2.186776
2.184396
2.183602
2.183602
2.187570
2.187570
2.189157
2.186776
2.187570
2.188363
2.188363
2.189157
2.187570
2.185983
2.185189
2.184396
2.188363
2.187570
2.187570
2.187570
2.188363
2.188363
2.187570
2.185983
2.187570
2.184396
2.182015
2.185189
2.188363
2.185983
2.185983
2.187570
2.187570
2.187570
2.186776
2.188363
2.188363
2.183602
2.183602
2.185189
2.188363
2.187570
2.188363
2.186776
2.187570
2.188363
2.188363
2.187570
2.184396
2.184396
