1.879704
1.879704
1.880497
1.880497
1.879704
1.879704
1.878117
1.879704
1.879704
1.880497
1.880497
1.879704
1.879704
1.880497
1.880497
1.879704
1.879704
1.878910
1.880497
1.879704
1.879704
1.880497
1.879704
1.880497
1.881291
1.879704
1.879704
1.879704
1.879704
1.879704
1.879704
1.878910
1.879704
1.879704
1.878117
1.880497
1.880497
1.879704
1.879704
1.878910
1.878910
1.879704
1.879704
1.880497
1.879704
1.879704
1.880497
1.879704
1.879704
1.879704
1.879704
1.879704
1.879704
1.879704
1.879704
1.879704
1.878910
1.878910
1.879704
1.880497
1.878910
1.878910
1.878910
1.878910
1.879704
1.878910
1.878910
1.879704
1.878910
1.879704
1.879704
1.879704
1.878910
1.878910
1.878910
1.878910
1.878910
1.878910
1.879704
1.879704
1.879704
1.878910
1.879704
1.879704
1.878910
1.879704
1.878910
1.878910
1.878910
1.879704
1.879704
1.878910
1.880497
1.880497
1.879704
1.878910
1.878117
1.879704
1.879704
1.879704
1.878910
1.878910
1.879704
1.879704
1.879704
1.879704
1.879704
1.879704
1.880497
1.878910
1.880497
1.879704
1.878910
1.878910
1.878910
1.879704
1.879704
1.879704
1.880497
1.879704
1.879704
1.878910
1.879704
1.880497
1.880497
1.879704
1.878910
1.880497
1.879704
1.879704
1.879704
1.879704
1.878910
1.878910
1.879704
1.879704
1.879704
1.879704
1.879704
1.879704
1.880497
1.879704
1.879704
1.878117
1.879704
1.878910
1.879704
1.879704
1.879704
1.879704
1.879704
1.880497
1.880497
1.879704
1.879704
1.880497
1.881291
1.880497
1.879704
1.879704
1.878910
1.879704
1.880497
1.880497
1.879704
1.880497
1.880497
1.879704
1.879704
1.881291
1.880497
1.878910
1.880497
1.880497
1.880497
1.880497
1.881291
1.881291
1.879704
1.881291
1.881291
1.880497
1.880497
1.881291
1.880497
1.881291
1.882084
1.882084
1.882084
1.881291
1.881291
1.882084
1.882877
1.882084
1.882877
1.882877
1.882084
1.882877
1.882084
1.882877
1.882084
1.882877
1.882877
1.883671
1.883671
1.883671
1.884464
1.884464
1.883671
1.885258
1.885258
1.885258
1.886051
1.885258
1.886845
1.886845
1.887638
1.887638
1.888432
1.889225
1.890019
1.891606
1.892399
1.893193
1.894780
1.895573
1.897160
1.897160
1.900334
1.901921
1.902714
1.905888
1.909062
1.911442
1.914616
1.918584
1.922551
1.928899
1.932866
1.940007
1.947148
1.954290
1.961431
1.972539
1.979681
1.989202
1.997137
2.005072
2.013006
2.018561
2.027289
2.033637
2.042365
2.049506
2.056647
2.061408
2.069343
2.078071
2.082832
2.090766
2.096321
2.104255
2.111397
2.118538
2.126472
2.132027
2.139168
2.143929
2.153450
2.156624
2.162179
2.165352
2.167733
2.170907
2.170113
2.174874
2.170113
2.174874
2.169320
2.166939
2.161385
2.153450
2.150277
2.137581
2.134407
2.124092
2.117744
2.109810
2.100288
2.096321
2.083625
2.082832
2.070136
2.067756
2.058234
2.052680
2.044745
2.036017
2.032843
2.020941
2.020941
2.012213
1.999517
2.001898
1.983648
1.989202
1.969366
1.971746
1.959844
1.951116
1.951909
1.932866
1.939214
1.918584
1.922551
1.907475
1.901921
1.898747
1.882877
1.887638
1.867008
1.870975
1.851932
1.851139
1.841617
1.828128
1.831302
1.808291
1.812259
1.793215
1.791629
1.781313
1.768618
1.768618
1.749575
1.749575
1.733705
1.727358
1.716249
1.705140
1.702760
1.681336
1.682923
1.664673
1.658326
1.646424
1.638489
1.630554
1.613098
1.611511
1.598816
1.592468
1.585327
1.580566
1.574218
1.567077
1.567870
1.562316
1.561522
1.559936
1.562316
1.559936
1.561522
1.564696
1.563903
1.569457
1.572631
1.577392
1.580566
1.587707
1.594848
1.601196
1.609924
1.618652
1.629761
1.640869
1.650391
1.661500
1.674195
1.688478
1.703553
1.714662
1.727358
1.740053
1.751162
1.762270
1.773379
1.782900
1.792422
1.800357
1.808291
1.814639
1.819400
1.825748
1.830509
1.835269
1.839237
1.842411
1.846378
1.847965
1.850345
1.854313
1.855106
1.857486
1.858280
1.859867
1.862247
1.863041
1.863834
1.865421
1.866215
1.867802
1.869388
1.870182
1.870182
1.870182
1.871769
1.872562
1.871769
1.871769
1.872562
1.874149
1.873356
1.874149
1.874943
1.874943
1.874149
1.874943
1.874943
1.874943
1.875736
1.875736
1.876530
1.876530
1.876530
1.875736
1.875736
1.877323
1.876530
1.877323
1.877323
1.877323
1.878117
1.878117
1.877323
1.878117
1.877323
1.878117
1.877323
1.878117
1.878117
1.877323
1.878117
1.878117
1.878117
1.878910
1.878117
1.878117
1.878117
1.878117
1.878117
1.878117
1.878910
1.878117
1.878117
1.878910
1.878117
1.879704
1.878117
1.878910
1.878117
1.878910
1.878910
1.878910
1.878117
1.878910
1.878910
1.878117
1.878910
1.879704
1.879704
1.878910
1.878910
1.878910
1.878910
1.878910
1.878117
1.878910
1.879704
1.879704
1.879704
1.878117
1.878117
1.879704
1.878910
1.878910
1.878910
1.878117
1.878910
1.879704
1.878117
1.878910
1.879704
1.878910
1.878117
1.879704
1.878910
1.879704
1.878910
1.878910
1.879704
1.878117
