2.178048
2.176461
2.177255
2.176461
2.177255
2.175668
2.178841
2.178841
2.180428
2.178048
2.177255
2.177255
2.177255
2.177255
2.177255
2.176461
2.175668
2.175668
2.178841
2.181222
2.181222
2.176461
2.176461
2.177255
2.176461
2.176461
2.177255
2.176461
2.175668
2.178048
2.178841
2.180428
2.175668
2.176461
2.175668
2.177255
2.176461
2.176461
2.176461
2.177255
2.176461
2.181222
2.179635
2.177255
2.178048
2.178048
2.178048
2.176461
2.175668
2.175668
2.176461
2.177255
2.179635
2.178841
2.180428
2.176461
2.176461
2.177255
2.177255
2.176461
2.176461
2.176461
2.177255
2.176461
2.182015
2.180428
2.182015
2.178048
2.177255
2.177255
2.176461
2.176461
2.178048
2.176461
2.177255
2.175668
2.177255
2.181222
2.178048
2.179635
2.177255
2.176461
2.175668
2.177255
2.175668
2.177255
2.176461
2.175668
2.177255
2.180428
2.178841
2.176461
2.177255
2.176461
2.178048
2.177255
2.178048
2.176461
2.174874
2.177255
2.178841
2.179635
2.181222
2.176461
2.176461
2.176461
2.176461
2.174874
2.176461
2.177255
2.175668
2.176461
2.178841
2.179635
2.178841
2.174081
2.177255
2.177255
2.176461
2.177255
2.176461
2.179635
2.176461
2.176461
2.179635
2.180428
2.179635
2.176461
2.178048
2.178841
2.177255
2.177255
2.176461
2.176461
2.178048
2.177255
2.180428
2.179635
2.180428
2.177255
2.177255
2.174874
2.176461
2.175668
2.176461
2.175668
2.176461
2.178048
2.180428
2.181222
2.180428
2.178048
2.178048
2.178048
2.177255
2.176461
2.176461
2.178048
2.180428
2.176461
2.181222
2.181222
2.178841
2.178841
2.177255
2.176461
2.178048
2.177255
2.176461
2.177255
2.178048
2.176461
2.180428
2.180428
2.178841
2.178048
2.179635
2.179635
2.178841
2.178841
2.180428
2.180428
2.180428
2.183602
2.182015
2.182015
2.180428
2.180428
2.182015
2.182015
2.182015
2.183602
2.185189
2.185189
2.185983
2.187570
2.188363
2.189950
2.188363
2.190743
2.193124
2.194711
2.197091
2.199472
2.201852
2.205819
2.206613
2.216928
2.220102
2.224863
2.228830
2.235178
2.241526
2.248667
2.255014
2.260569
2.265330
2.268503
2.272471
2.274851
2.275645
2.273264
2.274058
2.271677
2.268503
2.263743
2.258982
2.254221
2.249460
2.247080
2.243906
2.242319
2.238352
2.230417
2.228037
2.224863
2.222482
2.217721
2.213754
2.208200
2.201059
2.197885
2.192330
2.185189
2.174874
2.165352
2.158211
2.150277
2.141548
2.131233
2.120918
2.112190
2.101081
2.094734
2.089973
2.082038
2.074104
2.072517
2.066962
2.066962
2.069343
2.070930
2.073310
2.076484
2.082038
2.088386
2.093940
2.099495
2.104255
2.111397
2.116157
2.121712
2.125679
2.131233
2.135201
2.138375
2.142342
2.145516
2.151070
2.155037
2.154244
2.155831
2.158211
2.159005
2.159005
2.162179
2.162972
2.163766
2.166146
2.168526
2.170907
2.169320
2.170113
2.170907
2.170907
2.171700
2.170113
2.172494
2.171700
2.173287
2.174874
2.176461
2.177255
2.175668
2.175668
2.174081
2.174874
2.174874
2.172494
2.175668
2.174874
2.174874
2.181222
2.177255
2.178841
2.175668
2.178841
2.175668
2.176461
2.175668
2.175668
2.176461
2.174874
2.174874
2.178048
2.178048
2.178048
2.174874
2.175668
2.174874
2.175668
2.178048
2.175668
2.175668
2.177255
2.176461
2.175668
2.178841
2.179635
2.179635
2.176461
2.174874
2.176461
2.177255
2.176461
2.177255
2.177255
2.176461
2.178841
2.177255
2.181222
2.175668
2.175668
2.175668
2.177255
2.175668
2.175668
2.176461
2.176461
2.175668
2.178048
2.178048
2.174874
2.176461
2.174874
2.176461
2.178048
2.176461
2.176461
2.177255
2.178048
2.178841
2.181222
2.176461
2.175668
2.178841
2.177255
2.178048
2.175668
2.178841
2.175668
2.181222
2.177255
2.180428
2.178841
2.180428
2.176461
2.176461
2.175668
2.178048
2.176461
2.176461
2.174874
2.178048
2.175668
2.181222
2.181222
2.178841
2.177255
2.178048
2.178048
2.178048
2.178841
2.175668
2.177255
2.175668
2.176461
2.175668
2.180428
2.178841
2.177255
2.176461
2.177255
2.176461
2.177255
2.177255
2.178048
2.175668
2.178048
2.178048
2.178841
2.179635
2.177255
2.177255
2.176461
2.175668
2.178048
2.178048
2.176461
2.176461
2.176461
2.181222
2.180428
2.177255
2.175668
2.176461
2.177255
2.176461
2.177255
2.177255
2.178841
2.176461
2.178048
2.179635
2.178841
2.178048
2.178048
2.178048
2.178048
2.178048
2.178048
2.177255
2.178048
2.178048
2.181222
2.180428
2.179635
2.178841
2.177255
2.179635
2.178841
2.178048
2.178048
2.178048
2.177255
2.178841
2.182015
2.179635
2.181222
2.178048
2.178841
2.178048
2.179635
2.176461
2.178048
2.177255
2.178841
2.178841
2.179635
2.182015
2.184396
2.178841
2.178048
2.178048
2.180428
2.177255
2.177255
2.177255
2.176461
2.177255
2.180428
2.176461
2.181222
2.178048
2.177255
2.177255
2.178841
2.177255
2.178048
2.178841
2.178048
2.181222
2.179635
2.182015
2.178841
2.178048
2.177255
2.178048
2.176461
2.176461
2.176461
2.178048
