1.640869
1.640869
1.640869
1.640869
1.640869
1.640869
1.640869
1.640869
1.640869
1.640869
1.640869
1.640869
1.640076
1.640869
1.640869
1.640869
1.640076
1.640869
1.640076
1.640076
1.640076
1.640869
1.640869
1.640869
1.640076
1.640869
1.640869
1.640869
1.640869
1.640076
1.640076
1.640076
1.640869
1.640869
1.640869
1.640869
1.640869
1.640869
1.640869
1.640869
1.640869
1.640869
1.640869
1.640076
1.640076
1.640869
1.640076
1.640076
1.639282
1.639282
1.640076
1.640869
1.640076
1.640076
1.640869
1.640076
1.640076
1.640869
1.640869
1.640869
1.640869
1.640869
1.640869
1.640869
1.641663
1.640076
1.640869
1.640869
1.640076
1.640869
1.640869
1.640076
1.640869
1.640076
1.640076
1.640869
1.640869
1.640076
1.640076
1.640076
1.640869
1.640869
1.640076
1.640869
1.640869
1.640869
1.640076
1.640076
1.640076
1.640076
1.640076
1.640869
1.640076
1.640076
1.640869
1.640076
1.640076
1.640869
1.640076
1.640076
1.639282
1.638489
1.640869
1.640869
1.640869
1.640076
1.640076
1.640869
1.640869
1.640869
1.640869
1.640869
1.640869
1.640869
1.640869
1.640869
1.640076
1.640076
1.640869
1.640076
1.640076
1.640076
1.640869
1.640076
1.640076
1.640076
1.640869
1.640076
1.640076
1.640869
1.640076
1.640076
1.640076
1.640076
1.640076
1.640869
1.640869
1.640076
1.640076
1.640076
1.640076
1.640076
1.640076
1.640076
1.640076
1.639282
1.639282
1.640076
1.639282
1.639282
1.639282
1.639282
1.639282
1.639282
1.638489
1.639282
1.639282
1.638489
1.638489
1.638489
1.638489
1.637696
1.637696
1.637696
1.636902
1.636902
1.636902
1.636109
1.635315
1.635315
1.634522
1.632935
1.632141
1.631348
1.629761
1.628967
1.627380
1.625793
1.623413
1.620239
1.617065
1.613098
1.608337
1.602783
1.594055
1.586120
1.575011
1.561522
1.544860
1.523436
1.502012
1.475034
1.448056
1.421872
1.402829
1.393307
1.397274
1.412350
1.493284
1.452817
1.470274
1.485349
1.498045
1.510740
1.522642
1.531371
1.536925
1.543273
1.551207
1.563903
1.582946
1.605957
1.633728
1.665467
1.698793
1.732118
1.766238
1.801150
1.836063
1.869388
1.896366
1.910649
1.914616
1.907475
1.891606
1.870182
1.846378
1.821780
1.797183
1.773379
1.753542
1.736879
1.723390
1.713075
1.706727
1.701173
1.696412
1.691651
1.686097
1.679749
1.674195
1.668641
1.663880
1.659913
1.656739
1.653565
1.651978
1.648804
1.646424
1.644837
1.643250
1.641663
1.639282
1.636902
1.635315
1.632935
1.629761
1.628174
1.625000
1.621033
1.616272
1.610718
1.605163
1.597229
1.587707
1.576598
1.562316
1.545653
1.524229
1.500425
1.471860
1.443296
1.415524
1.394100
1.383785
1.386959
1.399655
1.415524
1.429807
1.442502
1.455991
1.468687
1.482176
1.490904
1.498838
1.505980
1.517088
1.533751
1.556762
1.584533
1.620239
1.659119
1.701173
1.744020
1.786074
1.828922
1.872562
1.911442
1.938420
1.951116
1.947942
1.933659
1.912236
1.885258
1.856693
1.828922
1.803531
1.781313
1.763064
1.748781
1.736086
1.727358
1.718629
1.711488
1.701967
1.694825
1.686891
1.679749
1.674195
1.668641
1.664673
1.661500
1.658326
1.656739
1.654358
1.652771
1.651978
1.650391
1.648804
1.648011
1.647217
1.646424
1.646424
1.646424
1.644837
1.644837
1.644043
1.644043
1.644043
1.644043
1.644043
1.643250
1.643250
1.642456
1.642456
1.642456
1.641663
1.642456
1.642456
1.642456
1.642456
1.642456
1.641663
1.641663
1.641663
1.642456
1.641663
1.641663
1.641663
1.641663
1.641663
1.641663
1.641663
1.640869
1.641663
1.641663
1.641663
1.640869
1.640869
1.640869
1.641663
1.640869
1.641663
1.640869
1.640869
1.641663
1.641663
1.640869
1.640869
1.640869
1.640869
1.640869
1.640869
1.640869
1.640869
1.640869
1.640076
1.640869
1.640869
1.640869
1.641663
1.641663
1.640869
1.640869
1.640869
1.640869
1.640076
1.640869
1.641663
1.640869
1.640869
1.640869
1.640869
1.640869
1.640869
1.640869
1.640869
1.640869
1.640869
1.640869
1.640076
1.640869
1.640869
1.640076
1.640869
1.640869
1.640869
1.640869
1.640869
1.640869
1.640076
1.640869
1.640076
1.640869
1.640869
1.640869
1.640076
1.641663
1.640076
1.640869
1.640869
1.640869
1.640869
1.640869
1.640869
1.640869
1.640869
1.640869
1.640869
1.640869
1.640869
1.640869
1.640869
1.640869
1.640869
1.640869
1.640869
1.640869
1.640076
1.640869
1.640869
1.640869
1.640869
1.640869
1.640869
1.640869
1.640869
1.640869
1.640076
1.640869
1.640076
1.640869
1.640869
1.640869
1.640869
1.640869
1.641663
1.640869
1.640869
1.640076
1.640869
1.640869
1.640869
1.640869
1.640869
1.641663
1.640076
1.640869
1.640869
1.641663
1.640869
1.640869
1.640869
1.640869
1.640869
1.640869
1.640869
1.640869
1.640869
1.640869
1.640869
1.640076
1.640869
1.640869
1.640869
1.640869
1.640076
1.640869
1.640869
1.640869
1.640869
1.640869
1.640869
1.640869
1.640076
1.640869
1.640869
1.640869
1.640076
1.640869
1.641663
1.640869
