2.186776
2.185983
2.188363
2.189157
2.184396
2.184396
2.182015
2.185189
2.184396
2.185983
2.186776
2.188363
2.187570
2.185189
2.185189
2.188363
2.185189
2.185983
2.187570
2.186776
2.185189
2.189157
2.188363
2.186776
2.189157
2.187570
2.185983
2.184396
2.184396
2.184396
2.189157
2.189950
2.185983
2.185189
2.186776
2.185983
2.186776
2.185983
2.186776
2.183602
2.183602
2.186776
2.187570
2.188363
2.186776
2.186776
2.188363
2.187570
2.185983
2.188363
2.185189
2.184396
2.182809
2.189950
2.185983
2.190743
2.189157
2.185983
2.185983
2.189157
2.185983
2.188363
2.183602
2.182809
2.184396
2.186776
2.185189
2.186776
2.186776
2.185983
2.185983
2.186776
2.186776
2.189157
2.184396
2.185983
2.180428
2.189157
2.189157
2.185189
2.188363
2.187570
2.185983
2.189950
2.188363
2.186776
2.187570
2.185983
2.183602
2.184396
2.185189
2.185983
2.188363
2.188363
2.186776
2.184396
2.186776
2.186776
2.186776
2.186776
2.187570
2.185189
2.186776
2.187570
2.185189
2.187570
2.188363
2.184396
2.187570
2.183602
2.184396
2.187570
2.189157
2.185189
2.185983
2.189157
2.185983
2.186776
2.185983
2.185983
2.184396
2.183602
2.183602
2.188363
2.185983
2.187570
2.185983
2.187570
2.186776
2.188363
2.188363
2.189950
2.185189
2.187570
2.186776
2.185189
2.189157
2.188363
2.185983
2.186776
2.188363
2.185189
2.187570
2.188363
2.182809
2.184396
2.182015
2.185983
2.187570
2.186776
2.186776
2.184396
2.188363
2.185189
2.189157
2.186776
2.186776
2.180428
2.186776
2.186776
2.185983
2.188363
2.189157
2.185189
2.185983
2.189157
2.185983
2.191537
2.185983
2.185983
2.184396
2.185189
2.186776
2.187570
2.186776
2.185983
2.187570
2.189157
2.186776
2.187570
2.184396
2.184396
2.184396
2.188363
2.188363
2.183602
2.189157
2.187570
2.185189
2.185189
2.189157
2.186776
2.188363
2.186776
2.184396
2.187570
2.188363
2.185983
2.186776
2.186776
2.186776
2.185983
2.185189
2.186776
2.185983
2.182809
2.184396
2.185189
2.186776
2.187570
2.189950
2.187570
2.185983
2.185983
2.187570
2.187570
2.185189
2.187570
2.185189
2.185983
2.188363
2.188363
2.187570
2.189950
2.188363
2.186776
2.187570
2.184396
2.179635
2.182015
2.185189
2.185983
2.185189
2.186776
2.186776
2.188363
2.185983
2.186776
2.184396
2.188363
2.182809
2.182015
2.185189
2.186776
2.185983
2.187570
2.188363
2.185983
2.188363
2.189157
2.185189
2.184396
2.185189
2.184396
2.185983
2.185189
2.185189
2.187570
2.185189
2.184396
2.185983
2.184396
2.184396
2.183602
2.181222
2.182809
2.185983
2.184396
2.184396
2.182015
2.182809
2.181222
2.179635
2.183602
2.180428
2.176461
2.176461
2.173287
2.174874
2.175668
2.175668
2.170113
2.167733
2.166939
2.164559
2.162179
2.155831
2.151070
2.144722
2.144722
2.137581
2.135201
2.126472
2.120125
2.112984
2.110603
2.103462
2.095527
2.095527
2.086006
2.084419
2.085212
2.082038
2.079658
2.081245
2.078864
2.077277
2.077277
2.078864
2.079658
2.081245
2.080451
2.089179
2.093940
2.096321
2.101875
2.108223
2.112190
2.119331
2.122505
2.130440
2.136788
2.138375
2.149483
2.159005
2.170113
2.178048
2.192330
2.203439
2.217721
2.228037
2.238352
2.251047
2.262949
2.267710
2.277232
2.283579
2.289927
2.293894
2.296275
2.295481
2.293101
2.289134
2.281992
2.273264
2.263743
2.253428
2.240732
2.228830
2.214548
2.199472
2.185983
2.170113
2.157418
2.144722
2.133614
2.117744
2.109016
2.104255
2.095527
2.093940
2.086799
2.083625
2.080451
2.076484
2.076484
2.079658
2.079658
2.079658
2.081245
2.089973
2.096321
2.105049
2.109810
2.120125
2.128059
2.136788
2.147896
2.160592
2.172494
2.183602
2.196298
2.212961
2.227243
2.242319
2.258188
2.270884
2.281992
2.295481
2.306590
2.315318
2.319285
2.326427
2.331981
2.336742
2.339122
2.339916
2.339122
2.335155
2.330394
2.324840
2.319285
2.308970
2.304210
2.291514
2.283579
2.275645
2.270884
2.260569
2.252634
2.248667
2.243112
2.234384
2.229623
2.229623
2.219308
2.216928
2.216135
2.212167
2.212167
2.208200
2.207406
2.205819
2.203439
2.200265
2.200265
2.201852
2.194711
2.195504
2.197091
2.194711
2.192330
2.193917
2.193917
2.193124
2.193124
2.192330
2.190743
2.189157
2.189157
2.187570
2.192330
2.187570
2.189157
2.188363
2.188363
2.186776
2.188363
2.186776
2.188363
2.185983
2.185983
2.185983
2.188363
2.186776
2.186776
2.186776
2.186776
2.186776
2.186776
2.186776
2.188363
2.185189
2.184396
2.185983
2.187570
2.185983
2.187570
2.185983
2.185983
2.185983
2.187570
2.185189
2.186776
2.182015
2.184396
2.183602
2.186776
2.186776
2.185983
2.186776
2.187570
2.186776
2.185983
2.186776
2.187570
2.183602
2.184396
2.185983
2.186776
2.185189
2.186776
2.185983
2.185983
2.185983
2.186776
2.186776
2.182809
2.183602
2.183602
2.185983
2.185983
2.185983
2.187570
2.186776
2.185983
2.184396
2.185983
2.185189
2.184396
2.184396
2.184396
