voltage
1.879704
1.878910
1.878910
1.879704
1.880497
1.878910
1.878910
1.885258
1.878910
1.878910
1.878910
1.878117
1.878910
1.878910
1.878910
1.878910
1.878910
1.879704
1.878910
1.878910
1.878117
1.878910
1.878117
1.878910
1.878117
1.878117
1.878910
1.878910
1.878910
1.879704
1.878910
1.879704
1.878117
1.878910
1.876530
1.878117
1.878910
1.878117
1.878910
1.878910
1.879704
1.878910
1.879704
1.878910
1.878910
1.878910
1.879704
1.878910
1.879704
1.878910
1.878910
1.878910
1.878910
1.879704
1.878910
1.878910
1.878910
1.878910
1.878910
1.878910
1.879704
1.878910
1.878910
1.880497
1.878910
1.879704
1.878910
1.878910
1.878910
1.878910
1.878910
1.880497
1.879704
1.878910
1.880497
1.880497
1.879704
1.878910
1.878910
1.878910
1.879704
1.879704
1.879704
1.878910
1.879704
1.878910
1.879704
1.878117
1.878910
1.878910
1.879704
1.878117
1.878910
1.878910
1.878910
1.879704
1.878910
1.879704
1.878910
1.879704
1.879704
1.878910
1.879704
1.878910
1.879704
1.878910
1.878910
1.878910
1.878910
1.878910
1.878910
1.879704
1.878910
1.879704
1.880497
1.877323
1.879704
1.878910
1.879704
1.879704
1.878910
1.879704
1.878910
1.879704
1.878910
1.879704
1.878910
1.879704
1.879704
1.878117
1.879704
1.878910
1.878910
1.879704
1.879704
1.878910
1.878910
1.879704
1.879704
1.879704
1.878910
1.879704
1.879704
1.878117
1.879704
1.879704
1.879704
1.878910
1.878910
1.879704
1.879704
1.879704
1.898747
1.900334
1.909062
1.880497
1.879704
1.878910
1.879704
1.880497
1.878910
1.880497
1.880497
1.879704
1.879704
1.879704
1.878910
1.879704
1.879704
1.879704
1.880497
1.877323
1.879704
1.879704
1.879704
1.879704
1.879704
1.901921
1.896366
1.901127
1.881291
1.880497
1.880497
1.880497
1.879704
1.879704
1.880497
1.879704
1.880497
1.879704
1.880497
1.879704
1.882084
1.880497
1.880497
1.881291
1.880497
1.879704
1.880497
1.881291
1.879704
1.880497
1.880497
1.880497
1.881291
1.880497
1.882084
1.880497
1.881291
1.882084
1.881291
1.881291
1.882084
1.882084
1.882084
1.882084
1.882084
1.882084
1.882084
1.882877
1.882877
1.883671
1.882877
1.882877
1.883671
1.883671
1.885258
1.883671
1.883671
1.885258
1.885258
1.886051
1.886051
1.886051
1.886845
1.886845
1.887638
1.887638
1.888432
1.889225
1.889225
1.890019
1.890019
1.891606
1.893193
1.893986
1.894780
1.894780
1.896366
1.897160
1.900334
1.901921
1.902714
1.905888
1.908268
1.911442
1.913029
1.917790
1.920964
1.924931
1.929692
1.936833
1.943975
1.951116
1.959051
1.966985
1.974920
1.984442
1.992376
2.001898
2.011419
2.021735
2.030463
2.040778
2.050299
2.059821
2.070136
2.079658
2.088386
2.097908
2.105842
2.119331
2.127266
2.135994
2.146309
2.154244
2.164559
2.174081
2.182809
2.191537
2.198678
2.207406
2.212961
2.220895
2.225656
2.232797
2.235178
2.238352
2.243906
2.242319
2.243906
2.242319
2.242319
2.235971
2.235971
2.230417
2.223276
2.221689
2.210580
2.208200
2.195504
2.193124
2.182809
2.173287
2.167733
2.156624
2.151070
2.137581
2.135994
2.120125
2.112984
2.108223
2.092353
2.089973
2.073310
2.073310
2.055060
2.050299
2.039984
2.030463
2.022528
2.009833
2.006659
1.989996
1.986028
1.975713
1.964605
1.958257
1.945562
1.940801
1.924931
1.920171
1.908268
1.901127
1.890812
1.879704
1.874149
1.859867
1.854313
1.841617
1.832889
1.823367
1.832889
1.830509
1.791629
1.785281
1.771792
1.762270
1.751955
1.739260
1.731325
1.716249
1.708314
1.694032
1.683717
1.668641
1.657532
1.641663
1.625000
1.610718
1.594055
1.578979
1.559936
1.548033
1.532958
1.523436
1.514708
1.528197
1.515501
1.491697
1.488523
1.482176
1.476621
1.473447
1.470274
1.467893
1.465513
1.465513
1.462339
1.464719
1.465513
1.467100
1.467893
1.474241
1.480589
1.486936
1.497251
1.504393
1.516295
1.528197
1.540892
1.554381
1.571044
1.588500
1.607544
1.627380
1.648804
1.666260
1.685304
1.703553
1.720216
1.736086
1.749575
1.762270
1.772585
1.782900
1.791629
1.800357
1.806704
1.813052
1.818606
1.823367
1.828128
1.832095
1.835269
1.840030
1.842411
1.845584
1.848758
1.851932
1.853519
1.855106
1.857486
1.859073
1.861454
1.861454
1.862247
1.864628
1.865421
1.867008
1.867802
1.868595
1.868595
1.870182
1.870182
1.870975
1.871769
1.870975
1.871769
1.872562
1.873356
1.873356
1.873356
1.873356
1.873356
1.874149
1.874943
1.874149
1.874149
1.874943
1.874943
1.874943
1.876530
1.876530
1.876530
1.876530
1.875736
1.876530
1.876530
1.875736
1.876530
1.876530
1.876530
1.877323
1.877323
1.878117
1.877323
1.877323
1.877323
1.877323
1.877323
1.878910
1.876530
1.877323
1.878117
1.878117
1.877323
1.877323
1.877323
1.878117
1.878117
1.878117
1.878117
1.878117
1.878117
1.878117
1.878117
1.878117
1.879704
1.878910
1.878117
1.877323
1.877323
1.878117
1.878910
1.878117
1.878117
1.878910
1.878910
1.879704
1.878910
1.878117
